Jar:
x= 0
y= 0
z= 0

Lid:
Before:
x= 0.8
y= -1.42
z= -8.15


After:
x= 0.7982388
y= 0.8999749
z= 0
